7 0 15 26 23.874077 183.911162 0 1274
4 21 12 48 114.728576 291.912685 0 3665
1 62 9 39 46.974003 210.426887 0 4625
4 26 11 57 39.580845 163.139916 0 4658
1 22 9 22 7.289334 379.984951 0 5215
1 44 9 17 156.727089 257.710736 0.125 6426
4 0 12 2 50.627073 217.186456 0.0625 7013
7 50 15 63 25.610109 277.067614 0.125 9236
1 49 9 31 171.038627 251.693807 0 12579
3 49 12 10 39.476119 173.573117 0.125 12625
7 37 15 12 48.742537 171.616112 0 13082
7 37 15 4 48.742537 185.681743 0 13082
5 40 13 44 21.780647 185.016715 0 13843
5 37 13 7 162.390066 158.123482 0 16449
1 39 9 44 13.838274 184.823300 0 18878
5 2 13 57 68.552852 228.063851 0.115234375 20460
0 21 8 19 5.094527 199.796365 0 21018
3 37 11 34 34.138067 359.258242 0.0625 24895
5 26 13 17 8.783847 384.601531 0.125 27759
4 10 12 30 74.416965 229.602287 0.125 29813
4 10 12 44 74.416965 124.211735 0.125 29813
1 25 9 12 58.783088 240.249908 0 33163
1 25 9 13 58.783088 114.736530 0 33163
5 38 12 63 53.560644 158.927960 0.125 34497
4 25 12 63 92.130526 319.616625 0.0625 36512
6 49 14 55 31.213524 173.736851 0.09375 39333
3 63 12 15 122.681974 307.153045 0.09375 42858
3 53 11 45 169.561479 173.064527 0 42932
3 14 11 52 106.395958 304.493572 0.09375 44035
5 32 13 61 33.919283 175.554378 0 46524
2 63 10 34 61.872258 151.028795 0.0625 50367
0 33 15 48 175.608646 254.315857 0 51489
1 17 9 12 12.291565 196.708780 0.125 52070
1 18 9 44 167.982089 157.193221 0.0625 55600
3 54 11 63 147.903222 157.036381 0.09375 58180
6 22 14 59 65.941681 105.720089 0 59179
6 47 14 59 7.727855 105.720089 0 59179
1 21 8 61 37.857304 166.932670 0 61809
3 10 11 29 7.931548 138.517480 0.0625 67675
7 35 15 3 66.804788 132.159852 0 68204
4 35 13 45 190.180070 232.333088 0 68376
6 47 14 63 17.836930 211.840864 0.0625 69317
1 60 9 19 112.399607 138.293104 0 71306
5 10 13 58 92.165151 338.272779 0.125 74474
0 34 15 37 28.676855 161.436746 0 74630
7 60 15 30 28.419137 178.703745 0.0625 75634
5 41 13 17 14.047846 63.963567 0.0625 76164
1 22 9 14 16.175661 187.107948 0 76800
1 22 9 6 16.175661 190.195310 0 76800
7 0 9 22 34.138056 155.855612 0.5 77274
2 59 10 38 37.095497 161.383606 0.125 80623
0 30 9 16 181.413925 227.679677 0.125 82281
3 56 11 61 28.637868 178.321270 0.0625 82381
5 31 13 55 42.171486 108.483926 0.0625 85436
5 28 13 45 10.978879 163.981877 0.125 86634
7 29 15 20 7.889735 60.353753 0.0625 98531
4 52 13 15 122.829944 289.138287 0 104406
5 24 13 1 10.430152 190.889196 0.125 105309
4 12 12 4 52.905440 120.442465 0 106181
3 2 10 43 144.064443 171.473999 0.125 109672
1 5 9 35 155.937500 249.564147 0 111076
4 40 12 36 123.352048 278.777451 0 112616
4 7 11 51 161.660692 255.931263 0.0625 114119
3 58 11 50 6.760723 248.489794 0.0625 114433
5 54 13 62 6.364861 79.814532 0 115450
4 25 12 36 234.986243 182.392244 0.125 115712
3 46 11 54 13.794966 174.460806 0.0913085938 118802
3 18 11 0 7.310591 90.122990 0.0625 121492
7 28 15 45 7.577798 188.794960 0.0859375 123115
3 50 11 24 12.397602 192.221200 0 124008
5 57 13 56 5.942520 197.465404 0.078125 127353
7 21 15 28 19.187775 378.198696 0 127692
2 19 14 23 114.110612 137.389395 0.375 132297
2 20 14 23 68.607220 137.389395 0.375 132297
5 58 13 16 88.117654 342.155137 0 139390
3 26 11 57 145.523039 246.513469 0.09375 141073
3 37 11 35 11.121219 134.901398 0 141773
3 0 12 20 150.253532 222.155211 0.234375 142125
7 27 15 51 102.605681 302.099800 0.0625 142848
6 37 14 21 56.176889 164.849610 0.0625 144448
6 39 14 28 20.122660 187.922535 0.0625 147204
0 39 13 10 246.837780 162.556246 0.375 150312
3 10 11 24 40.493777 359.488133 0.125 151987
4 39 12 53 44.250459 290.290396 0.087890625 154343
0 42 8 56 43.942432 326.132680 0 156819
0 3 15 46 107.114782 291.799902 0.09375 159457
7 40 15 54 28.401618 180.972342 0 160053
7 6 14 59 147.958392 236.918686 0 162790
3 1 11 12 128.477382 156.559270 0 164737
3 1 11 13 128.477382 136.637951 0 164737
4 61 12 11 34.298167 183.921110 0.125 168406
5 46 13 46 67.447846 147.163310 0.0625 169024
5 46 13 51 67.447846 124.746935 0.0625 169024
5 54 13 46 73.382472 147.163310 0.0625 169024
5 54 13 51 73.382472 124.746935 0.0625 169024
1 37 9 39 5.295096 204.463479 0 169976
5 12 13 46 71.296977 117.778542 0 171115
5 61 13 47 9.710344 258.415309 0 171584
0 47 8 53 137.073452 238.634134 0.0625 173451
0 18 8 20 150.308460 279.623603 0.0625 176300
6 33 14 44 54.480555 215.083369 0.0625 176600
7 1 15 17 35.025117 296.210504 0.125 176646
1 46 13 5 66.574050 184.539388 0.3125 180043
1 22 8 57 44.128892 170.100478 0 180675
6 59 14 57 12.833714 218.555070 0.125 185612
1 41 9 51 129.379753 188.058557 0 188211
1 42 9 50 28.207590 72.197260 0 188211
1 42 9 51 28.207590 188.058557 0 188211
3 59 11 25 42.783897 229.890717 0.125 189296
4 27 12 1 189.346578 214.111420 0.09375 189533
3 26 14 56 144.521383 261.161339 0.375 189793
1 42 9 60 8.686367 222.454591 0 189914
7 32 15 57 22.853892 173.054231 0.125 190997
7 22 15 13 23.569412 90.696985 0 191910
6 26 14 24 5.383991 388.822521 0 192364
1 9 9 21 65.075696 199.239834 0 195291
7 14 15 60 39.192788 357.542687 0.11328125 203896
3 13 11 47 53.827874 249.985893 0 209139
0 33 8 5 10.145561 107.693636 0 209304
5 1 12 11 25.005412 180.552906 0.125 209674
7 11 14 63 35.712926 105.729633 0.125 218589
1 44 15 51 244.478942 170.469747 0 223278
4 43 12 26 6.752083 197.131219 0 223384
1 60 9 54 26.767889 76.526367 0.0625 223999
6 20 14 7 10.040986 100.884334 0.0625 224995
5 31 13 13 17.374486 215.003783 0.0625 229064
1 57 9 49 38.334254 177.880726 0.125 229076
1 57 9 50 38.334254 215.937112 0.125 229076
7 49 15 36 135.858328 294.793607 0.078125 229263
7 49 15 44 135.858328 188.965092 0.078125 229263
7 29 15 29 11.016564 127.602790 0 230405
1 17 9 51 15.436881 122.391579 0 232533
5 37 14 5 155.484108 215.454740 0 234662
5 55 14 5 47.752194 215.454740 0 234662
5 30 13 13 25.837005 258.415914 0.125 235009
6 1 14 12 67.096852 364.173814 0 236724
0 58 9 8 154.647787 248.430681 0 237156
5 0 13 33 186.734327 220.722085 0 239119
7 16 15 51 91.699405 312.706491 0 241175
1 19 9 39 68.322107 217.868383 0.0625 241382
3 38 11 27 56.064670 344.679893 0.09375 242114
1 39 9 33 27.629689 188.062826 0.0625 248068
0 2 15 49 84.889239 311.772279 0.125 255330
2 17 10 18 15.951600 60.707179 0 263419
5 54 13 15 25.282449 181.202911 0.125 263773
1 28 11 26 36.276916 99.282207 0.25 264109
3 6 11 48 41.186020 136.994201 0 268256
0 27 8 6 209.327072 151.526079 0.125 269330
7 41 15 8 55.572168 153.144391 0.0625 269986
7 20 15 62 71.544385 182.260671 0 272639
7 40 15 62 156.828755 182.260671 0 272639
7 3 15 13 168.744005 237.342203 0 276208
1 35 10 27 19.178412 109.158300 0 281331
5 28 13 46 25.051912 117.413184 0.125 282029
7 48 15 35 5.166705 197.567125 0 282970
7 11 15 9 5.191956 206.183802 0 283054
3 3 9 0 163.322578 260.067885 0.1875 287153
3 3 10 53 16.195733 164.812830 0 289004
1 60 9 9 150.600590 253.621708 0.0625 291122
7 18 12 37 239.612304 163.724642 0.296875 292789
2 4 10 4 14.355315 199.767321 0.0625 292859
1 11 9 14 161.169024 259.759677 0 294053
5 52 14 7 124.021657 281.253220 0.111328125 296658
4 47 12 55 26.790050 152.830729 0 298720
5 43 14 5 46.420693 173.175826 0.0625 306526
0 36 8 41 17.362807 370.579355 0 306790
3 22 11 47 48.987776 265.371787 0.0625 306802
7 27 15 22 136.368282 230.859480 0.078125 306895
1 39 10 42 239.247375 216.527514 0.125 307304
5 36 13 31 27.066868 118.308739 0 309721
3 9 11 13 154.468860 276.950325 0.125 311468
7 16 15 17 27.747445 215.331314 0.125 315305
6 48 14 39 39.266459 173.403435 0.1171875 323920
0 41 8 25 37.597469 163.672473 0.0849609375 324674
0 41 8 32 37.597469 127.092202 0.102539062 324674
1 58 9 38 35.704648 151.611772 0 324783
0 43 8 8 48.613403 352.428482 0.125 325319
6 2 14 16 37.743253 143.661701 0.0625 327383
5 55 13 44 24.404469 185.158444 0.08984375 329814
7 0 15 22 34.890809 164.974539 0.125 331748
5 2 12 42 171.818703 969.535782 0 335230
1 3 9 11 19.911818 236.138178 0.0625 335282
1 3 9 20 19.911818 166.491036 0.0625 335282
7 34 15 31 49.501162 229.524785 0 336215
7 34 15 39 49.501162 112.097236 0 336215
1 60 10 23 29.539317 171.109119 0.125 336862
1 62 9 38 95.457321 314.521941 0 338964
7 40 15 46 104.847437 307.391414 0.125 339999
3 9 11 36 17.441764 79.477598 0 341053
3 9 11 44 17.441764 125.594531 0 341053
1 0 9 37 29.395863 93.548453 0 341680
3 53 11 52 82.248840 228.075636 0 346962
7 57 15 2 34.409161 171.445011 0 350669
5 51 13 18 250.583224 174.453915 0.125 351493
1 39 9 46 30.142971 104.684689 0.125 352794
7 34 15 22 17.409867 149.878153 0 353903
7 42 15 22 52.882742 149.878153 0 353903
3 13 11 29 8.261471 206.466698 0.125 354286
7 60 15 57 10.961874 197.930580 0.08984375 355383
7 1 15 10 12.242000 258.896280 0.0625 356701
2 9 10 4 7.486635 195.072626 0.09375 359493
5 56 13 48 168.005593 254.602764 0.0625 360816
0 0 8 5 172.735875 255.672185 0.09375 362885
4 57 13 37 141.703600 236.174963 0 365083
1 35 9 62 23.127799 83.756006 0 365929
3 60 11 11 146.980018 266.187471 0 368313
5 38 13 59 17.104740 194.507173 0.125 368448
5 60 11 44 167.942194 271.544247 0.25 371730
1 22 9 51 127.292040 250.686737 0.109375 373261
7 12 15 45 77.833476 334.291839 0.0625 378645
5 3 13 32 78.343840 271.300091 0.09375 379077
7 62 15 59 61.702384 209.607094 0.09375 381065
6 8 8 34 95.348152 120.528835 0.25 381419
7 10 15 28 13.404560 198.916391 0.0625 382463
7 10 15 9 5.500371 178.292204 0.125 382701
0 47 8 30 210.885980 198.879912 0.125 383687
3 47 11 10 32.064521 165.952448 0 383947
2 54 10 42 22.008093 167.914094 0.0625 386419
5 44 13 49 21.183681 369.010024 0.0625 393100
1 37 9 35 12.093595 201.787923 0.09375 393350
1 46 9 14 51.466952 344.108689 0.087890625 394116
5 50 13 52 6.502337 180.367296 0.0625 395034
1 1 15 22 71.510249 944.907824 0 396258
3 15 11 20 85.277137 130.461070 0.09375 396702
4 25 12 42 93.728713 312.759398 0.0625 398580
2 12 9 38 161.147854 255.948249 0 400801
7 10 15 38 86.008725 129.228739 0.0625 400873
7 41 15 32 8.286342 385.391601 0.0625 404290
6 22 14 15 92.201306 152.905504 0 405930
0 18 9 7 152.884562 249.473198 0 407064
1 17 9 9 14.942749 97.821452 0.125 409721
2 35 12 36 64.238751 118.498471 0.25 410092
5 33 13 26 13.784061 98.321344 0.0625 411061
1 38 9 49 23.890062 183.625201 0.125 415140
1 18 9 7 46.755580 119.885129 0 419425
6 24 14 6 166.833646 254.922043 0 420805
3 13 10 34 147.849964 266.324446 0 421660
1 46 9 25 29.138906 175.453871 0.125 428520
3 44 11 40 44.357223 156.167287 0 429222
5 30 13 15 164.879697 271.311992 0 430132
6 29 14 62 31.144126 368.213286 0.125 430487
1 18 9 21 11.421538 194.257332 0.0625 434617
3 16 11 5 102.127150 180.676673 0.125 436207
0 33 8 26 10.062500 225.592402 0 439405
0 33 8 33 10.062500 178.311179 0 439405
6 44 14 47 5.048253 194.904818 0.125 440539
6 32 14 8 158.612057 259.582977 0.0625 441699
6 25 14 11 42.798396 352.448187 0 441908
4 44 12 28 5.527084 141.493476 0.125 444779
2 54 10 60 7.752282 185.755622 0 446297
0 24 8 61 32.929144 173.720509 0.09375 448224
5 21 13 14 7.737113 180.003517 0.078125 449373
5 21 13 7 7.737113 241.990125 0.078125 449373
4 48 12 43 47.258200 298.609671 0.0625 449713
4 5 12 56 138.165070 160.282449 0 454930
5 10 13 19 39.048037 357.440076 0.125 454943
3 37 11 3 34.511377 150.644620 0.1015625 456792
3 56 12 18 118.076384 294.346159 0.125 458843
6 49 14 14 20.276513 138.818234 0.09375 464998
3 51 15 42 257.187196 159.416935 0.5 466732
1 14 9 0 156.214494 250.697678 0.125 469841
1 8 15 4 230.633307 176.955622 0.1875 474071
2 48 9 57 109.606533 161.600432 0.125 475040
0 12 8 35 7.692552 180.356892 0.1015625 477477
7 49 15 52 12.045942 186.410612 0 481307
5 43 13 37 28.307997 375.451100 0.0625 482885
3 26 10 48 143.093552 249.088262 0.125 486656
3 33 11 57 20.521357 324.311096 0.0625 488844
0 45 8 60 7.996281 134.178358 0.0625 490426
5 45 14 27 168.526796 247.531049 0.125 491833
4 22 15 6 94.901085 124.004414 0.3125 496531
6 38 10 21 148.650248 247.801964 0.375 496731
0 8 8 50 96.483112 173.553378 0 497877
5 4 13 51 156.028646 241.034447 0.09375 502279
4 36 12 0 46.738851 239.739682 0 502582
1 45 9 29 27.715667 375.571269 0 503928
5 51 13 31 83.137906 179.736142 0 504110
7 11 14 61 110.381010 297.412836 0 505056
0 26 11 4 64.233553 151.267150 0.25 506479
5 54 13 47 8.796097 377.033104 0.0625 508036
6 48 13 26 351.147185 247.918668 0.1875 509479
2 20 10 26 17.160079 370.185458 0 509918
5 20 12 22 228.283955 188.599474 0.0625 511410
5 4 12 22 15.187881 188.599474 0.0625 511410
2 23 10 6 144.585361 263.689162 0 511533
5 11 12 44 131.264316 286.678891 0 514577
2 61 10 38 154.104769 247.790876 0.0625 515588
4 5 11 44 156.454477 245.723393 0 515681
5 35 8 37 950.216318 217.339099 0.3125 517732
3 27 11 20 67.762901 149.638060 0.125 518125
3 35 11 20 210.038882 149.638060 0.125 518125
1 56 10 16 159.848754 243.588482 0.125 518472
4 5 11 57 28.919102 184.287073 0.125 521572
1 60 10 21 86.247441 119.611423 0.125 523748
7 0 15 49 117.033153 292.316665 0.125 529275
6 44 14 31 35.482247 203.508023 0 529376
2 43 11 57 55.071030 152.429779 0 530367
4 26 12 63 25.064320 186.288589 0.09375 533242
2 18 12 37 238.837479 177.296562 0.1875 534241
7 48 15 39 154.230967 262.281763 0.09375 536440
2 2 10 30 6.258432 76.641283 0.0625 537866
7 60 10 47 250.298624 162.536743 0.28125 538085
7 35 15 10 24.567670 251.891167 0.125 538673
7 35 15 18 24.567670 159.672813 0.125 538673
7 2 14 0 157.735462 252.869027 0.125 539037
1 38 9 22 12.961459 186.936649 0.0625 539936
0 36 8 57 154.557052 262.457099 0.09375 541502
2 10 10 19 11.108783 202.668210 0.0625 542421
5 19 13 7 13.327763 192.731408 0.0625 543661
7 52 15 0 34.154246 171.128168 0 544033
7 53 15 18 91.157029 158.385394 0 546379
7 53 15 19 91.157029 169.107808 0 546379
4 34 12 0 44.193104 122.350874 0 546438
3 5 11 29 7.831539 180.139956 0.0625 547600
1 24 13 50 148.662192 254.166230 0.25 550286
3 44 11 30 22.687756 382.646406 0 551572
5 29 13 16 122.120246 293.390730 0.125 557756
3 14 12 11 27.722879 265.626013 0 558721
7 53 10 10 166.862487 253.047888 0.5 562752
7 37 15 53 171.361398 259.986676 0.0625 566357
5 51 13 52 7.194585 375.092137 0.0625 566409
3 29 11 62 46.534116 340.548155 0 572441
3 54 11 63 135.009576 235.069709 0 574659
4 35 12 38 24.453327 357.199528 0 575667
5 59 13 33 10.093895 197.878912 0 577871
6 51 15 18 134.389873 147.608441 0.125 579167
3 60 11 49 16.179968 192.023404 0 588710
7 58 15 17 164.874473 256.622683 0.09375 588740
1 52 9 63 29.999760 173.652359 0.09765625 591593
2 61 10 42 72.008402 325.122318 0.0625 591949
7 36 8 12 168.646698 193.253480 0.0625 593344
4 4 13 11 199.919005 181.913945 0.125 597951
5 22 13 20 52.654330 174.925850 0.078125 600592
5 22 13 27 52.654330 193.621429 0.078125 600592
2 46 10 36 10.408347 193.896097 0 601663
3 23 11 53 29.103368 175.733403 0 603296
5 0 13 1 40.236149 355.434353 0.0625 606909
7 14 15 14 5.458194 41.426168 0.09375 611131
7 5 14 46 165.709400 254.297232 0.125 611799
6 17 12 6 43.389550 158.022271 0.25 614501
4 1 8 34 48.928815 130.993487 0.25 615528
4 44 12 49 6.352391 265.356971 0.109375 615944
4 12 12 31 11.755774 188.826785 0.125 617761
5 8 12 35 122.446841 320.175686 0 618720
1 56 9 49 8.782568 190.771960 0.0625 621823
3 3 11 36 82.231224 171.412084 0.125 621874
5 15 13 23 26.643371 235.643730 0 623426
0 62 8 42 72.717407 326.339632 0 624074
3 50 12 0 133.499749 163.276485 0.09375 624171
6 3 14 19 38.568970 103.758350 0 630580
7 57 8 9 22.636991 191.396000 0.09375 630722
7 33 15 9 173.673118 242.852106 0.080078125 633341
6 52 13 56 183.797947 224.291096 0 634207
3 56 12 26 53.774194 157.293724 0 634880
5 25 13 2 57.328668 117.860762 0 636051
6 26 13 11 178.427427 228.001603 0 640770
0 3 8 23 19.512026 191.870891 0.125 641158
6 3 14 10 14.194216 85.507734 0.0625 641407
6 3 14 16 14.194216 185.532245 0.0625 641407
6 3 14 8 14.194216 136.977833 0.0625 641407
6 54 14 7 101.975212 306.124261 0.0625 645669
5 4 12 27 144.467060 234.482965 0 648087
4 12 12 17 14.484940 190.984195 0 651969
5 30 13 10 15.047225 197.557394 0.0625 652281
7 33 8 0 46.292729 141.184415 0.15625 654484
1 22 9 7 14.266157 102.321932 0.125 657343
2 62 10 39 104.328724 195.127770 0.09375 659758
6 25 14 26 6.892452 157.084243 0.0625 669649
5 62 13 20 29.695055 179.984636 0 675340
2 56 10 42 91.473414 317.003070 0 680722
1 20 9 2 23.085093 173.794055 0 685028
5 38 14 45 165.769630 220.502939 0.17578125 685527
7 63 15 19 113.736602 286.040770 0.125 687235
7 43 15 63 21.065644 92.144437 0 687691
2 44 10 29 117.764597 142.929445 0.1328125 692940
2 44 10 31 117.764597 165.068912 0.109375 692940
6 51 8 4 205.362759 195.481324 0.1875 693979
1 49 10 12 502.825219 448.305016 0.09375 695648
1 63 10 17 155.008086 254.355473 0 697719
2 3 9 45 162.115822 318.414528 0 701681
3 19 11 29 20.726268 377.134639 0 701922
1 1 8 43 107.200355 246.033555 0 702519
0 7 8 63 54.616849 258.394927 0.125 705087
3 18 10 36 73.687152 390.426282 0 708592
1 56 10 48 143.202982 269.943159 0 709917
7 53 15 40 10.694569 280.610348 0 712996
7 54 15 40 131.629798 280.610348 0 712996
1 40 9 25 44.475903 198.897324 0.125 713140
1 40 9 33 44.475903 174.940669 0.125 713140
3 44 12 41 44.867206 158.798614 0 714758
6 21 11 22 103.975491 258.020845 0.53125 717530
6 35 14 54 8.861630 188.997616 0.0625 718994
1 51 9 57 9.825712 392.882862 0.125 719620
2 23 10 59 7.667357 82.442845 0 722309
5 29 14 32 19.486093 242.954024 0.125 722599
2 59 11 15 35.827153 169.935378 0 723996
5 4 14 47 227.270091 180.822196 0 724938
5 34 13 31 15.083083 174.784193 0.0625 726171
7 39 15 42 25.587756 179.386843 0.0625 727920
3 63 11 23 10.767435 108.095655 0.09375 733227
6 63 14 55 35.326936 142.981260 0.125 737668
1 27 9 3 57.345702 127.453468 0.0625 738085
7 30 15 40 19.671434 188.557557 0 744481
4 57 12 51 59.924769 134.194359 0.125 746966
3 30 15 62 247.751327 162.845222 0.3125 747038
1 5 9 50 15.052891 139.433940 0.115234375 748714
3 61 12 13 27.245601 181.743656 0.09375 749900
0 49 8 15 126.626057 130.206245 0 749901
6 54 14 44 10.879862 189.538881 0 752759
2 14 11 44 212.499049 882.158781 0 754482
7 62 15 20 107.967718 304.128077 0 755508
2 47 11 13 45.204987 169.478439 0.125 756359
5 3 13 52 36.566994 187.812886 0.125 758869
2 27 13 5 230.333028 182.040056 0.3125 762192
5 19 13 49 62.734506 344.047814 0 762936
7 12 15 42 11.605747 197.044179 0.125 765183
0 24 8 59 92.053062 311.006004 0 765983
7 22 15 59 27.236719 182.813545 0 766691
3 28 11 53 32.363985 364.937799 0.0625 771503
6 19 14 21 5.462894 136.341753 0.11328125 771606
6 19 14 35 5.462894 65.548739 0.08984375 771606
2 34 10 37 44.842182 354.938539 0 772195
3 29 11 63 39.923455 361.342456 0.0625 776952
7 25 15 57 9.708511 197.320596 0.125 778231
3 18 11 12 5.378994 205.339810 0 779932
2 22 10 17 83.973403 184.746743 0.109375 782844
0 48 8 16 16.460464 254.743401 0 783599
0 54 9 56 51.600245 152.725391 0.125 788755
1 51 9 41 72.688463 163.997039 0 790649
7 45 15 29 29.156898 363.470593 0.125 792514
1 50 9 48 10.512239 374.023376 0 792706
7 24 15 31 92.236551 190.687140 0.12109375 794045
5 50 14 37 140.852171 270.301519 0.09375 794293
6 49 15 18 132.466828 276.549894 0 794897
5 24 13 37 166.532647 203.728042 0.125 797082
7 43 15 34 8.285510 68.267366 0.0625 798948
3 16 10 44 205.181430 214.761883 0.125 799782
3 27 11 43 160.758272 258.473824 0.0859375 801765
7 63 15 38 63.324235 191.161024 0.125 803830
7 63 15 45 63.324235 168.524335 0.125 803830
5 9 13 34 65.256145 149.400352 0.0625 807452
5 9 13 42 65.256145 211.331523 0.0625 807452
3 23 11 34 158.580099 253.880103 0.0625 810101
4 31 12 42 18.652321 157.466830 0.0625 810552
7 40 14 19 208.461765 199.685875 0 813903
4 6 11 12 151.132598 263.079219 0.125 814023
3 14 10 52 27.768591 75.996783 0 816272
0 27 15 22 184.793714 214.840560 0.125 816360
3 46 11 31 20.767492 212.601362 0.0625 821412
1 50 9 30 92.262934 317.789127 0 825190
5 60 14 21 121.078976 180.896960 0 827622
4 44 12 26 154.061401 257.879177 0.125 830763
2 40 10 47 15.593138 138.376025 0.0625 831312
0 8 8 18 157.887924 255.094986 0 831746
0 55 12 51 157.435175 149.960926 0.25 832307
2 38 10 29 19.815821 77.971671 0.125 833191
3 31 11 49 34.023824 177.415364 0 833890
1 49 10 31 105.412131 175.379533 0 834593
2 20 10 58 71.242842 337.053050 0.0625 836043
5 16 13 13 87.677838 311.951855 0 837103
7 0 15 31 33.180794 166.998296 0.0625 840089
7 63 15 52 38.028007 166.734050 0.0625 850430
3 36 13 46 228.233549 188.396264 0 852327
3 62 11 36 19.268903 190.605487 0.0625 853579
1 30 14 6 96.016490 122.141691 0.375 860990
4 0 12 0 26.985221 215.414537 0 863197
3 28 11 59 14.334279 124.539570 0.125 864660
3 30 11 5 32.562640 219.336874 0.0625 865435
6 37 14 24 14.389683 194.289101 0.09375 866774
7 60 15 49 37.699826 171.466473 0.125 867590
7 60 15 50 37.699826 210.006234 0.125 867590
4 29 12 10 62.951922 348.249805 0.09375 877807
